# Made in Blockbench 4.11.2
mtllib playermodelmajacoster.mtl

o headwear
v 1.5473909952543237 1.353193343051244 0.2421333756994947
v 1.4911472591240205 1.4003874412942134 -0.31555435882327365
v 1.1858229648056453 0.9222933437968186 0.24213337569949467
v 1.129579228675342 0.9694874420397883 -0.31555435882327365
v 1.0639336690972419 1.7588622071196047 -0.2421333756994946
v 1.120177405227545 1.7116681088766352 0.3155543588232737
v 0.7023656386485636 1.3279622078651796 -0.2421333756994946
v 0.7586093747788668 1.28076810962221 0.3155543588232737
vt 0.625 0.875
vt 0.75 0.875
vt 0.75 0.75
vt 0.625 0.75
vt 0.5 0.875
vt 0.625 0.875
vt 0.625 0.75
vt 0.5 0.75
vt 0.875 0.875
vt 1 0.875
vt 1 0.75
vt 0.875 0.75
vt 0.75 0.875
vt 0.875 0.875
vt 0.875 0.75
vt 0.75 0.75
vt 0.75 0.875
vt 0.625 0.875
vt 0.625 1
vt 0.75 1
vt 0.875 1
vt 0.75 1
vt 0.75 0.875
vt 0.875 0.875
vn -0.09998886423165008 0.08390061909861272 -0.9914448613738104
vn 0.759490826714273 -0.6372884725784739 -0.13052619222005157
vn 0.09998886423165008 -0.08390061909861272 0.9914448613738104
vn -0.759490826714273 0.6372884725784739 0.13052619222005157
vn 0.6427876096865393 0.7660444431189783 1.387778780781446e-17
vn -0.6427876096865393 -0.7660444431189783 -1.387778780781446e-17
usemtl m_711baa8b-e285-70ee-fc17-d4397ecf5eae
f 4/4/1 7/3/1 5/2/1 2/1/1
f 3/8/2 4/7/2 2/6/2 1/5/2
f 8/12/3 3/11/3 1/10/3 6/9/3
f 7/16/4 8/15/4 6/14/4 5/13/4
f 6/20/5 1/19/5 2/18/5 5/17/5
f 7/24/6 4/23/6 3/22/6 8/21/6
o head
v 1.5004451421095595 1.3517916133186845 0.21522966728843973
v 1.4504507099937343 1.393741922867991 -0.28049276339846546
v 1.1790513372662896 0.9687693917591956 0.21522966728843973
v 1.1290569051504644 1.010719701308502 -0.28049276339846546
v 1.0707052966365975 1.712386159157228 -0.21522966728843967
v 1.1206997287524227 1.6704358496079215 0.2804927633984655
v 0.7493114917933281 1.329363937597739 -0.21522966728843967
v 0.7993059239091531 1.2874136280484325 0.2804927633984655
vt 0.125 0.875
vt 0.25 0.875
vt 0.25 0.75
vt 0.125 0.75
vt 0 0.875
vt 0.125 0.875
vt 0.125 0.75
vt 0 0.75
vt 0.375 0.875
vt 0.5 0.875
vt 0.5 0.75
vt 0.375 0.75
vt 0.25 0.875
vt 0.375 0.875
vt 0.375 0.75
vt 0.25 0.75
vt 0.25 0.875
vt 0.125 0.875
vt 0.125 1
vt 0.25 1
vt 0.375 1
vt 0.25 1
vt 0.25 0.875
vt 0.375 0.875
vn -0.09998886423165008 0.08390061909861272 -0.9914448613738104
vn 0.759490826714273 -0.6372884725784739 -0.13052619222005157
vn 0.09998886423165008 -0.08390061909861272 0.9914448613738104
vn -0.759490826714273 0.6372884725784739 0.13052619222005157
vn 0.6427876096865393 0.7660444431189783 1.387778780781446e-17
vn -0.6427876096865393 -0.7660444431189783 -1.387778780781446e-17
usemtl m_711baa8b-e285-70ee-fc17-d4397ecf5eae
f 12/28/7 15/27/7 13/26/7 10/25/7
f 11/32/8 12/31/8 10/30/8 9/29/8
f 16/36/9 11/35/9 9/34/9 14/33/9
f 15/40/10 16/39/10 14/38/10 13/37/10
f 14/44/11 9/43/11 10/42/11 13/41/11
f 15/48/12 12/47/12 11/46/12 16/45/12
o jacket
v 1.1900256558097155 0.9799578340128018 0.10475091382224092
v 1.1619037877445642 1.0035548831342866 -0.17409295343914324
v 0.6878478357421068 0.3814856128261001 0.10475091382224089
v 0.6597259676769552 0.40508266194758497 -0.17409295343914327
v 0.7584242860526064 1.3421143841916008 -0.10475091382224085
v 0.786546154117758 1.318517335070116 0.17409295343914333
v 0.2562464659849977 0.743642163004899 -0.10475091382224086
v 0.2843683340501493 0.7200451138834143 0.1740929534391433
vt 0.3125 0.4375
vt 0.4375 0.4375
vt 0.4375 0.25
vt 0.3125 0.25
vt 0.25 0.4375
vt 0.3125 0.4375
vt 0.3125 0.25
vt 0.25 0.25
vt 0.5 0.4375
vt 0.625 0.4375
vt 0.625 0.25
vt 0.5 0.25
vt 0.4375 0.4375
vt 0.5 0.4375
vt 0.5 0.25
vt 0.4375 0.25
vt 0.4375 0.4375
vt 0.3125 0.4375
vt 0.3125 0.5
vt 0.4375 0.5
vt 0.5625 0.5
vt 0.4375 0.5
vt 0.4375 0.4375
vt 0.5625 0.4375
vn -0.09998886423165008 0.08390061909861272 -0.9914448613738104
vn 0.759490826714273 -0.6372884725784739 -0.13052619222005157
vn 0.09998886423165008 -0.08390061909861272 0.9914448613738104
vn -0.759490826714273 0.6372884725784739 0.13052619222005157
vn 0.6427876096865393 0.7660444431189783 1.387778780781446e-17
vn -0.6427876096865393 -0.7660444431189783 -1.387778780781446e-17
usemtl m_711baa8b-e285-70ee-fc17-d4397ecf5eae
f 20/52/13 23/51/13 21/50/13 18/49/13
f 19/56/14 20/55/14 18/54/14 17/53/14
f 24/60/15 19/59/15 17/58/15 22/57/15
f 23/64/16 24/63/16 22/62/16 21/61/16
f 22/68/17 17/67/17 18/66/17 21/65/17
f 23/72/18 20/71/18 19/70/18 24/69/18
o body
v 1.1665527292373332 0.9792569691465222 0.09129905961671343
v 1.1415555131794208 1.0002321239211753 -0.15656215572673915
v 0.684462021972429 0.4047236368072886 0.09129905961671342
v 0.6594648059145164 0.4256987915819418 -0.15656215572673918
v 0.7618100998222843 1.3188763602104123 -0.09129905961671338
v 0.7868073158801969 1.2979012054357593 0.1565621557267392
v 0.27971939255737993 0.7443430278711788 -0.09129905961671339
v 0.30471660861529243 0.7233678730965255 0.1565621557267392
vt 0.3125 0.6875
vt 0.4375 0.6875
vt 0.4375 0.5
vt 0.3125 0.5
vt 0.25 0.6875
vt 0.3125 0.6875
vt 0.3125 0.5
vt 0.25 0.5
vt 0.5 0.6875
vt 0.625 0.6875
vt 0.625 0.5
vt 0.5 0.5
vt 0.4375 0.6875
vt 0.5 0.6875
vt 0.5 0.5
vt 0.4375 0.5
vt 0.4375 0.6875
vt 0.3125 0.6875
vt 0.3125 0.75
vt 0.4375 0.75
vt 0.5625 0.75
vt 0.4375 0.75
vt 0.4375 0.6875
vt 0.5625 0.6875
vn -0.09998886423165008 0.08390061909861272 -0.9914448613738104
vn 0.759490826714273 -0.6372884725784739 -0.13052619222005157
vn 0.09998886423165008 -0.08390061909861272 0.9914448613738104
vn -0.759490826714273 0.6372884725784739 0.13052619222005157
vn 0.6427876096865393 0.7660444431189783 1.387778780781446e-17
vn -0.6427876096865393 -0.7660444431189783 -1.387778780781446e-17
usemtl m_711baa8b-e285-70ee-fc17-d4397ecf5eae
f 28/76/19 31/75/19 29/74/19 26/73/19
f 27/80/20 28/79/20 26/78/20 25/77/20
f 32/84/21 27/83/21 25/82/21 30/81/21
f 31/88/22 32/87/22 30/86/22 29/85/22
f 30/92/23 25/91/23 26/90/23 29/89/23
f 31/96/24 28/95/24 27/94/24 32/93/24
o right_arm
v 1.1852165330457738 0.7045596073910574 -0.16375600137493995
v 1.2377387094855647 0.7171586677382205 0.08033964516632053
v 1.7968775647874144 1.1108712198846131 -0.31633927634843645
v 1.8493997412272056 1.1234702802317762 -0.07224362980717597
v 1.1029369739679706 0.9269157353342063 0.09851833309965613
v 1.0504147975281797 0.9143166749870433 -0.14557731344160435
v 1.7145980057096117 1.333227347827762 -0.05406494187384042
v 1.6620758292698206 1.320628287480599 -0.2981605884151009
vt 0.6875 0.6875
vt 0.75 0.6875
vt 0.75 0.5
vt 0.6875 0.5
vt 0.625 0.6875
vt 0.6875 0.6875
vt 0.6875 0.5
vt 0.625 0.5
vt 0.8125 0.6875
vt 0.875 0.6875
vt 0.875 0.5
vt 0.8125 0.5
vt 0.75 0.6875
vt 0.8125 0.6875
vt 0.8125 0.5
vt 0.75 0.5
vt 0.75 0.6875
vt 0.6875 0.6875
vt 0.6875 0.75
vt 0.75 0.75
vt 0.8125 0.75
vt 0.75 0.75
vt 0.75 0.6875
vt 0.8125 0.6875
vn 0.21008870575916458 0.05039624138865201 0.9763825861650421
vn 0.539206942070376 -0.8390282703839441 -0.07271475173334223
vn -0.21008870575916458 -0.05039624138865201 -0.9763825861650421
vn -0.539206942070376 0.8390282703839441 0.07271475173334223
vn -0.8155480423221881 -0.5417488166580746 0.20344436663132873
vn 0.8155480423221881 0.5417488166580746 -0.20344436663132873
usemtl m_711baa8b-e285-70ee-fc17-d4397ecf5eae
f 36/100/25 39/99/25 37/98/25 34/97/25
f 35/104/26 36/103/26 34/102/26 33/101/26
f 40/108/27 35/107/27 33/106/27 38/105/27
f 39/112/28 40/111/28 38/110/28 37/109/28
f 38/116/29 33/115/29 34/114/29 37/113/29
f 39/120/30 36/119/30 35/118/30 40/117/30
o right_sleeve
v 1.1776160673268523 0.6821975241343281 -0.17696932905098767
v 1.2367035158216173 0.6963714670248866 0.09763827330793035
v 1.8147629753910615 1.1054387871484488 -0.3359102404817132
v 1.8738504238858265 1.119612730039007 -0.06130263812279518
v 1.0850515633643243 0.9323481680703709 0.11808929723293282
v 1.025964114869559 0.9181742251798124 -0.1565183051259852
v 1.7221984714285332 1.3555894310844914 -0.04085161419779271
v 1.6631110229337682 1.3414154881939329 -0.3154592165567107
vt 0.6875 0.4375
vt 0.75 0.4375
vt 0.75 0.25
vt 0.6875 0.25
vt 0.625 0.4375
vt 0.6875 0.4375
vt 0.6875 0.25
vt 0.625 0.25
vt 0.8125 0.4375
vt 0.875 0.4375
vt 0.875 0.25
vt 0.8125 0.25
vt 0.75 0.4375
vt 0.8125 0.4375
vt 0.8125 0.25
vt 0.75 0.25
vt 0.75 0.4375
vt 0.6875 0.4375
vt 0.6875 0.5
vt 0.75 0.5
vt 0.8125 0.5
vt 0.75 0.5
vt 0.75 0.4375
vt 0.8125 0.4375
vn 0.21008870575916458 0.05039624138865201 0.9763825861650421
vn 0.539206942070376 -0.8390282703839441 -0.07271475173334223
vn -0.21008870575916458 -0.05039624138865201 -0.9763825861650421
vn -0.539206942070376 0.8390282703839441 0.07271475173334223
vn -0.8155480423221881 -0.5417488166580746 0.20344436663132873
vn 0.8155480423221881 0.5417488166580746 -0.20344436663132873
usemtl m_711baa8b-e285-70ee-fc17-d4397ecf5eae
f 44/124/31 47/123/31 45/122/31 42/121/31
f 43/128/32 44/127/32 42/126/32 41/125/32
f 48/132/33 43/131/33 41/130/33 46/129/33
f 47/136/34 48/135/34 46/134/34 45/133/34
f 46/140/35 41/139/35 42/138/35 45/137/35
f 47/144/36 44/143/36 43/142/36 48/141/36
o right_pants
v 0.6161677832469304 0.30861643763695235 0.043447838645965464
v 0.7635399296357136 0.5106188260228184 -0.08530793037107254
v 0.3149978667249916 0.09041393667151265 -0.6436008586489174
v 0.4623700131137747 0.29241632505737863 -0.7723566276659555
v 0.5499331346223243 0.6898562089355141 -0.04859743880918299
v 0.40256098823354114 0.4878538205496481 0.08015833020785501
v 0.24876321810038537 0.4716537079700744 -0.7356461361040659
v 0.10139107171160228 0.2696513195842084 -0.6068903670870279
vt 0.0625 0.4375
vt 0.125 0.4375
vt 0.125 0.25
vt 0.0625 0.25
vt 0 0.4375
vt 0.0625 0.4375
vt 0.0625 0.25
vt 0 0.25
vt 0.1875 0.4375
vt 0.25 0.4375
vt 0.25 0.25
vt 0.1875 0.25
vt 0.125 0.4375
vt 0.1875 0.4375
vt 0.1875 0.25
vt 0.125 0.25
vt 0.125 0.4375
vt 0.0625 0.4375
vt 0.0625 0.5
vt 0.125 0.5
vt 0.1875 0.5
vt 0.125 0.5
vt 0.125 0.4375
vt 0.1875 0.4375
vn 0.5239898538267842 0.7182307142608569 -0.45779828983835746
vn 0.759490826714273 -0.6372884725784739 -0.1305261922200516
vn -0.5239898538267842 -0.7182307142608569 0.45779828983835746
vn -0.759490826714273 0.6372884725784739 0.1305261922200516
vn 0.38549749314808174 0.2792992012357629 0.8794223325374502
vn -0.38549749314808174 -0.2792992012357629 -0.8794223325374502
usemtl m_711baa8b-e285-70ee-fc17-d4397ecf5eae
f 52/148/37 55/147/37 53/146/37 50/145/37
f 51/152/38 52/151/38 50/150/38 49/149/38
f 56/156/39 51/155/39 49/154/39 54/153/39
f 55/160/40 56/159/40 54/158/40 53/157/40
f 54/164/41 49/163/41 50/162/41 53/161/41
f 55/168/42 52/167/42 51/166/42 56/165/42
o right_leg
v 0.6064646822151247 0.3254323749120081 0.024593238174781762
v 0.7374621456718208 0.5049900534772223 -0.08985633428480755
v 0.31734156235406336 0.11595797398518598 -0.6349735112283058
v 0.4483390258107594 0.2955156525504002 -0.7494230836878951
v 0.5475894389932525 0.6643121716218408 -0.057224786229794655
v 0.4165919755365564 0.48475449305662655 0.057224786229794655
v 0.25846631913219115 0.45483777069501863 -0.7167915356328822
v 0.1274688556754951 0.2752800921298044 -0.6023419631732929
vt 0.0625 0.6875
vt 0.125 0.6875
vt 0.125 0.5
vt 0.0625 0.5
vt 0 0.6875
vt 0.0625 0.6875
vt 0.0625 0.5
vt 0 0.5
vt 0.1875 0.6875
vt 0.25 0.6875
vt 0.25 0.5
vt 0.1875 0.5
vt 0.125 0.6875
vt 0.1875 0.6875
vt 0.1875 0.5
vt 0.125 0.5
vt 0.125 0.6875
vt 0.0625 0.6875
vt 0.0625 0.75
vt 0.125 0.75
vt 0.1875 0.75
vt 0.125 0.75
vt 0.125 0.6875
vt 0.1875 0.6875
vn 0.5239898538267842 0.7182307142608569 -0.45779828983835746
vn 0.759490826714273 -0.6372884725784739 -0.1305261922200516
vn -0.5239898538267842 -0.7182307142608569 0.45779828983835746
vn -0.759490826714273 0.6372884725784739 0.1305261922200516
vn 0.38549749314808174 0.2792992012357629 0.8794223325374502
vn -0.38549749314808174 -0.2792992012357629 -0.8794223325374502
usemtl m_711baa8b-e285-70ee-fc17-d4397ecf5eae
f 60/172/43 63/171/43 61/170/43 58/169/43
f 59/176/44 60/175/44 58/174/44 57/173/44
f 64/180/45 59/179/45 57/178/45 62/177/45
f 63/184/46 64/183/46 62/182/46 61/181/46
f 62/188/47 57/187/47 58/186/47 61/185/47
f 63/192/48 60/191/48 59/190/48 64/189/48
o left_pants
v 0.4049721337978178 0.45170473018271695 0.06779272044658546
v 0.5680268047626362 0.6524556693020505 -0.04272332915373467
v 0.1252447675397203 0.2876225824262671 -0.6429682885106719
v 0.2882994385045387 0.48837352154560065 -0.7534843381109921
v 0.3621776517161679 0.8403689696976919 -0.005089830452855049
v 0.19912298075134952 0.6396180305783583 0.10542621914746508
v 0.08245028545807043 0.676286821941242 -0.7158508394101124
v -0.08060438550674798 0.47553588282190845 -0.6053347898097923
vt 0.0625 0.1875
vt 0.125 0.1875
vt 0.125 0
vt 0.0625 0
vt 0 0.1875
vt 0.0625 0.1875
vt 0.0625 0
vt 0 0
vt 0.1875 0.1875
vt 0.25 0.1875
vt 0.25 0
vt 0.1875 0
vt 0.125 0.1875
vt 0.1875 0.1875
vt 0.1875 0
vt 0.125 0
vt 0.125 0.1875
vt 0.0625 0.1875
vt 0.0625 0.25
vt 0.125 0.25
vt 0.1875 0.25
vt 0.125 0.25
vt 0.125 0.1875
vt 0.1875 0.1875
vn 0.5797499412082432 0.7137811168687415 -0.392945954134472
vn 0.7319080997207763 -0.6681361791845026 -0.1338079953809054
vn -0.5797499412082432 -0.7137811168687415 0.392945954134472
vn -0.7319080997207763 0.6681361791845026 0.1338079953809054
vn 0.3580510288103649 0.21002514912825587 0.9097740914652896
vn -0.3580510288103649 -0.21002514912825587 -0.9097740914652896
usemtl m_711baa8b-e285-70ee-fc17-d4397ecf5eae
f 68/196/49 71/195/49 69/194/49 66/193/49
f 67/200/50 68/199/50 66/198/50 65/197/50
f 72/204/51 67/203/51 65/202/51 70/201/51
f 71/208/52 72/207/52 70/206/52 69/205/52
f 70/212/53 65/211/53 66/210/53 69/209/53
f 71/216/54 68/215/54 67/214/54 72/213/54
o left_leg
v 0.3970001152458975 0.4700155449784199 0.04952846966191582
v 0.5419376005479584 0.6484608241956054 -0.048708018871702174
v 0.12846184363812396 0.312496683132228 -0.6328020989370512
v 0.27339932894018476 0.49094196234941345 -0.7310385874706692
v 0.3589605756177643 0.815494868991731 -0.015256020026475858
v 0.2140230903157035 0.6370495897745455 0.08298046850714214
v 0.09042230400999068 0.6579760071455392 -0.6975865886254429
v -0.054515181292070114 0.4795307279283537 -0.5993501000918249
vt 0.3125 0.1875
vt 0.375 0.1875
vt 0.375 0
vt 0.3125 0
vt 0.25 0.1875
vt 0.3125 0.1875
vt 0.3125 0
vt 0.25 0
vt 0.4375 0.1875
vt 0.5 0.1875
vt 0.5 0
vt 0.4375 0
vt 0.375 0.1875
vt 0.4375 0.1875
vt 0.4375 0
vt 0.375 0
vt 0.375 0.1875
vt 0.3125 0.1875
vt 0.3125 0.25
vt 0.375 0.25
vt 0.4375 0.25
vt 0.375 0.25
vt 0.375 0.1875
vt 0.4375 0.1875
vn 0.5797499412082432 0.7137811168687415 -0.392945954134472
vn 0.7319080997207763 -0.6681361791845026 -0.1338079953809054
vn -0.5797499412082432 -0.7137811168687415 0.392945954134472
vn -0.7319080997207763 0.6681361791845026 0.1338079953809054
vn 0.3580510288103649 0.21002514912825587 0.9097740914652896
vn -0.3580510288103649 -0.21002514912825587 -0.9097740914652896
usemtl m_711baa8b-e285-70ee-fc17-d4397ecf5eae
f 76/220/55 79/219/55 77/218/55 74/217/55
f 75/224/56 76/223/56 74/222/56 73/221/56
f 80/228/57 75/227/57 73/226/57 78/225/57
f 79/232/58 80/231/58 78/230/58 77/229/58
f 78/236/59 73/235/59 74/234/59 77/233/59
f 79/240/60 76/239/60 75/238/60 80/237/60
o left_sleeve
v 0.44602554706954756 1.2795076791687658 0.20513384705236068
v 0.41790367900439596 1.3031047282902506 -0.07371002020902348
v 0.6829112970105082 2.0229549620474114 0.24415744959323166
v 0.6547894289453566 2.046552011168896 -0.0346864176681525
v 0.6844336723853931 1.219960124116722 -0.10762609199148149
v 0.7125555404505447 1.1963630749952372 0.17121777526990267
v 0.9213194223263538 1.9634074069953675 -0.06860248945061051
v 0.9494412903915054 1.9398103578738828 0.21024137781077365
vt 0.8125 0.1875
vt 0.875 0.1875
vt 0.875 0
vt 0.8125 0
vt 0.75 0.1875
vt 0.8125 0.1875
vt 0.8125 0
vt 0.75 0
vt 0.9375 0.1875
vt 1 0.1875
vt 1 0
vt 0.9375 0
vt 0.875 0.1875
vt 0.9375 0.1875
vt 0.9375 0
vt 0.875 0
vt 0.875 0.1875
vt 0.8125 0.1875
vt 0.8125 0.25
vt 0.875 0.25
vt 0.9375 0.25
vt 0.875 0.25
vt 0.875 0.1875
vt 0.9375 0.1875
vn -0.09998886423165008 0.08390061909861274 -0.9914448613738105
vn -0.94766219868799 0.29562525928365807 0.12059047744873963
vn 0.09998886423165008 -0.08390061909861274 0.9914448613738105
vn 0.94766219868799 -0.29562525928365807 -0.12059047744873963
vn -0.30321375992442956 -0.9516125220846665 -0.04995021125231487
vn 0.30321375992442956 0.9516125220846665 0.04995021125231487
usemtl m_711baa8b-e285-70ee-fc17-d4397ecf5eae
f 84/244/61 87/243/61 85/242/61 82/241/61
f 83/248/62 84/247/62 82/246/62 81/245/62
f 88/252/63 83/251/63 81/250/63 86/249/63
f 87/256/64 88/255/64 86/254/64 85/253/64
f 86/260/65 81/259/65 82/258/65 85/257/65
f 87/264/66 84/263/66 83/262/66 88/261/66
o left_arm
v 0.46400815791924704 1.2910684273234474 0.18853876693407579
v 0.43901094186133455 1.3120435820981005 -0.05932244840937684
v 0.6914184778625693 2.004777818886947 0.22600142537331191
v 0.6664212618046568 2.0257529736616005 -0.02185978997014071
v 0.675926491533332 1.238137267277186 -0.08947006777156175
v 0.7009237075912446 1.217162112502533 0.15839114757189088
v 0.9033368114766542 1.9518466588406858 -0.05200740933232559
v 0.9283340275345667 1.9308715040660327 0.195853806011127
vt 0.5625 0.1875
vt 0.625 0.1875
vt 0.625 0
vt 0.5625 0
vt 0.5 0.1875
vt 0.5625 0.1875
vt 0.5625 0
vt 0.5 0
vt 0.6875 0.1875
vt 0.75 0.1875
vt 0.75 0
vt 0.6875 0
vt 0.625 0.1875
vt 0.6875 0.1875
vt 0.6875 0
vt 0.625 0
vt 0.625 0.1875
vt 0.5625 0.1875
vt 0.5625 0.25
vt 0.625 0.25
vt 0.6875 0.25
vt 0.625 0.25
vt 0.625 0.1875
vt 0.6875 0.1875
vn -0.09998886423165008 0.08390061909861274 -0.9914448613738105
vn -0.94766219868799 0.29562525928365807 0.12059047744873963
vn 0.09998886423165008 -0.08390061909861274 0.9914448613738105
vn 0.94766219868799 -0.29562525928365807 -0.12059047744873963
vn -0.30321375992442956 -0.9516125220846665 -0.04995021125231487
vn 0.30321375992442956 0.9516125220846665 0.04995021125231487
usemtl m_711baa8b-e285-70ee-fc17-d4397ecf5eae
f 92/268/67 95/267/67 93/266/67 90/265/67
f 91/272/68 92/271/68 90/270/68 89/269/68
f 96/276/69 91/275/69 89/274/69 94/273/69
f 95/280/70 96/279/70 94/278/70 93/277/70
f 94/284/71 89/283/71 90/282/71 93/281/71
f 95/288/72 92/287/72 91/286/72 96/285/72