# Made in Blockbench 4.12.3
mtllib template_model.mtl

o head
v 0.25 2.0625 0.25
v 0.25 2.0625 -0.25
v 0.25 1.5625 0.25
v 0.25 1.5625 -0.25
v -0.25 2.0625 -0.25
v -0.25 2.0625 0.25
v -0.25 1.5625 -0.25
v -0.25 1.5625 0.25
vt 0.125 0.875
vt 0.25 0.875
vt 0.25 0.75
vt 0.125 0.75
vt 0 0.875
vt 0.125 0.875
vt 0.125 0.75
vt 0 0.75
vt 0.375 0.875
vt 0.5 0.875
vt 0.5 0.75
vt 0.375 0.75
vt 0.25 0.875
vt 0.375 0.875
vt 0.375 0.75
vt 0.25 0.75
vt 0.25 0.875
vt 0.125 0.875
vt 0.125 1
vt 0.25 1
vt 0.375 1
vt 0.25 1
vt 0.25 0.875
vt 0.375 0.875
vn 0 0 -1
vn 1 0 0
vn 0 0 1
vn -1 0 0
vn 0 1 0
vn 0 -1 0
usemtl m_711baa8b-e285-70ee-fc17-d4397ecf5eae
f 4/4/1 7/3/1 5/2/1 2/1/1
f 3/8/2 4/7/2 2/6/2 1/5/2
f 8/12/3 3/11/3 1/10/3 6/9/3
f 7/16/4 8/15/4 6/14/4 5/13/4
f 6/20/5 1/19/5 2/18/5 5/17/5
f 7/24/6 4/23/6 3/22/6 8/21/6
o headwear
v 0.28125 2.15625 0.28125
v 0.28125 2.15625 -0.28125
v 0.28125 1.59375 0.28125
v 0.28125 1.59375 -0.28125
v -0.28125 2.15625 -0.28125
v -0.28125 2.15625 0.28125
v -0.28125 1.59375 -0.28125
v -0.28125 1.59375 0.28125
vt 0.625 0.875
vt 0.75 0.875
vt 0.75 0.75
vt 0.625 0.75
vt 0.5 0.875
vt 0.625 0.875
vt 0.625 0.75
vt 0.5 0.75
vt 0.875 0.875
vt 1 0.875
vt 1 0.75
vt 0.875 0.75
vt 0.75 0.875
vt 0.875 0.875
vt 0.875 0.75
vt 0.75 0.75
vt 0.75 0.875
vt 0.625 0.875
vt 0.625 1
vt 0.75 1
vt 0.875 1
vt 0.75 1
vt 0.75 0.875
vt 0.875 0.875
vn 0 0 -1
vn 1 0 0
vn 0 0 1
vn -1 0 0
vn 0 1 0
vn 0 -1 0
usemtl m_711baa8b-e285-70ee-fc17-d4397ecf5eae
f 12/28/7 15/27/7 13/26/7 10/25/7
f 11/32/8 12/31/8 10/30/8 9/29/8
f 16/36/9 11/35/9 9/34/9 14/33/9
f 15/40/10 16/39/10 14/38/10 13/37/10
f 14/44/11 9/43/11 10/42/11 13/41/11
f 15/48/12 12/47/12 11/46/12 16/45/12
o body
v 0.25 1.5 0.125
v 0.25 1.5 -0.125
v 0.25 0.75 0.125
v 0.25 0.75 -0.125
v -0.25 1.5 -0.125
v -0.25 1.5 0.125
v -0.25 0.75 -0.125
v -0.25 0.75 0.125
vt 0.3125 0.6875
vt 0.4375 0.6875
vt 0.4375 0.5
vt 0.3125 0.5
vt 0.25 0.6875
vt 0.3125 0.6875
vt 0.3125 0.5
vt 0.25 0.5
vt 0.5 0.6875
vt 0.625 0.6875
vt 0.625 0.5
vt 0.5 0.5
vt 0.4375 0.6875
vt 0.5 0.6875
vt 0.5 0.5
vt 0.4375 0.5
vt 0.4375 0.6875
vt 0.3125 0.6875
vt 0.3125 0.75
vt 0.4375 0.75
vt 0.5625 0.75
vt 0.4375 0.75
vt 0.4375 0.6875
vt 0.5625 0.6875
vn 0 0 -1
vn 1 0 0
vn 0 0 1
vn -1 0 0
vn 0 1 0
vn 0 -1 0
usemtl m_711baa8b-e285-70ee-fc17-d4397ecf5eae
f 20/52/13 23/51/13 21/50/13 18/49/13
f 19/56/14 20/55/14 18/54/14 17/53/14
f 24/60/15 19/59/15 17/58/15 22/57/15
f 23/64/16 24/63/16 22/62/16 21/61/16
f 22/68/17 17/67/17 18/66/17 21/65/17
f 23/72/18 20/71/18 19/70/18 24/69/18
o jacket
v 0.265625 1.515625 0.140625
v 0.265625 1.515625 -0.140625
v 0.265625 0.734375 0.140625
v 0.265625 0.734375 -0.140625
v -0.265625 1.515625 -0.140625
v -0.265625 1.515625 0.140625
v -0.265625 0.734375 -0.140625
v -0.265625 0.734375 0.140625
vt 0.3125 0.4375
vt 0.4375 0.4375
vt 0.4375 0.25
vt 0.3125 0.25
vt 0.25 0.4375
vt 0.3125 0.4375
vt 0.3125 0.25
vt 0.25 0.25
vt 0.5 0.4375
vt 0.625 0.4375
vt 0.625 0.25
vt 0.5 0.25
vt 0.4375 0.4375
vt 0.5 0.4375
vt 0.5 0.25
vt 0.4375 0.25
vt 0.4375 0.4375
vt 0.3125 0.4375
vt 0.3125 0.5
vt 0.4375 0.5
vt 0.5625 0.5
vt 0.4375 0.5
vt 0.4375 0.4375
vt 0.5625 0.4375
vn 0 0 -1
vn 1 0 0
vn 0 0 1
vn -1 0 0
vn 0 1 0
vn 0 -1 0
usemtl m_711baa8b-e285-70ee-fc17-d4397ecf5eae
f 28/76/19 31/75/19 29/74/19 26/73/19
f 27/80/20 28/79/20 26/78/20 25/77/20
f 32/84/21 27/83/21 25/82/21 30/81/21
f 31/88/22 32/87/22 30/86/22 29/85/22
f 30/92/23 25/91/23 26/90/23 29/89/23
f 31/96/24 28/95/24 27/94/24 32/93/24
o right_sleeve
v 0.2259154037662532 1.4490565029998692 0.140625
v 0.2259154037662532 1.4490565029998692 -0.140625
v 0.3278889914381685 2.2236228009481587 0.140625
v 0.3278889914381685 2.2236228009481587 -0.140625
v 0.5047592710276374 1.4123460114379798 -0.140625
v 0.5047592710276374 1.4123460114379798 0.140625
v 0.6067328586995526 2.186912309386269 -0.140625
v 0.6067328586995526 2.186912309386269 0.140625
vt 0.6875 0.4375
vt 0.75 0.4375
vt 0.75 0.25
vt 0.6875 0.25
vt 0.625 0.4375
vt 0.6875 0.4375
vt 0.6875 0.25
vt 0.625 0.25
vt 0.8125 0.4375
vt 0.875 0.4375
vt 0.875 0.25
vt 0.8125 0.25
vt 0.75 0.4375
vt 0.8125 0.4375
vt 0.8125 0.25
vt 0.75 0.25
vt 0.75 0.4375
vt 0.6875 0.4375
vt 0.6875 0.5
vt 0.75 0.5
vt 0.8125 0.5
vt 0.75 0.5
vt 0.75 0.4375
vt 0.8125 0.4375
vn 0 0 -1
vn -0.9914448613738105 0.13052619222005157 0
vn 0 0 1
vn 0.9914448613738105 -0.13052619222005157 0
vn -0.13052619222005157 -0.9914448613738105 0
vn 0.13052619222005157 0.9914448613738105 0
usemtl m_711baa8b-e285-70ee-fc17-d4397ecf5eae
f 36/100/25 39/99/25 37/98/25 34/97/25
f 35/104/26 36/103/26 34/102/26 33/101/26
f 40/108/27 35/107/27 33/106/27 38/105/27
f 39/112/28 40/111/28 38/110/28 37/109/28
f 38/116/29 33/115/29 34/114/29 37/113/29
f 39/120/30 36/119/30 35/118/30 40/117/30
o right_arm
v 0.24344620147865736 1.4625083572053967 0.125
v 0.24344620147865736 1.4625083572053967 -0.125
v 0.34134084564369593 2.2060920032357547 0.125
v 0.34134084564369593 2.2060920032357547 -0.125
v 0.4913074168221099 1.4298768091503837 -0.125
v 0.4913074168221099 1.4298768091503837 0.125
v 0.5892020609871486 2.1734604551807415 -0.125
v 0.5892020609871486 2.1734604551807415 0.125
vt 0.6875 0.6875
vt 0.75 0.6875
vt 0.75 0.5
vt 0.6875 0.5
vt 0.625 0.6875
vt 0.6875 0.6875
vt 0.6875 0.5
vt 0.625 0.5
vt 0.8125 0.6875
vt 0.875 0.6875
vt 0.875 0.5
vt 0.8125 0.5
vt 0.75 0.6875
vt 0.8125 0.6875
vt 0.8125 0.5
vt 0.75 0.5
vt 0.75 0.6875
vt 0.6875 0.6875
vt 0.6875 0.75
vt 0.75 0.75
vt 0.8125 0.75
vt 0.75 0.75
vt 0.75 0.6875
vt 0.8125 0.6875
vn 0 0 -1
vn -0.9914448613738105 0.13052619222005157 0
vn 0 0 1
vn 0.9914448613738105 -0.13052619222005157 0
vn -0.13052619222005157 -0.9914448613738105 0
vn 0.13052619222005157 0.9914448613738105 0
usemtl m_711baa8b-e285-70ee-fc17-d4397ecf5eae
f 44/124/31 47/123/31 45/122/31 42/121/31
f 43/128/32 44/127/32 42/126/32 41/125/32
f 48/132/33 43/131/33 41/130/33 46/129/33
f 47/136/34 48/135/34 46/134/34 45/133/34
f 46/140/35 41/139/35 42/138/35 45/137/35
f 47/144/36 44/143/36 43/142/36 48/141/36
o left_sleeve
v -0.5019483456552527 1.4319595777396485 0.140625
v -0.5019483456552527 1.4319595777396485 -0.140625
v -0.603921933327168 2.206525875687938 0.140625
v -0.603921933327168 2.206525875687938 -0.140625
v -0.2231044783938686 1.468670069301538 -0.140625
v -0.2231044783938686 1.468670069301538 0.140625
v -0.32507806606578393 2.2432363672498274 -0.140625
v -0.32507806606578393 2.2432363672498274 0.140625
vt 0.8125 0.1875
vt 0.875 0.1875
vt 0.875 0
vt 0.8125 0
vt 0.75 0.1875
vt 0.8125 0.1875
vt 0.8125 0
vt 0.75 0
vt 0.9375 0.1875
vt 1 0.1875
vt 1 0
vt 0.9375 0
vt 0.875 0.1875
vt 0.9375 0.1875
vt 0.9375 0
vt 0.875 0
vt 0.875 0.1875
vt 0.8125 0.1875
vt 0.8125 0.25
vt 0.875 0.25
vt 0.9375 0.25
vt 0.875 0.25
vt 0.875 0.1875
vt 0.9375 0.1875
vn 0 0 -1
vn -0.9914448613738105 -0.13052619222005157 0
vn 0 0 1
vn 0.9914448613738105 0.13052619222005157 0
vn 0.13052619222005157 -0.9914448613738105 0
vn -0.13052619222005157 0.9914448613738105 0
usemtl m_711baa8b-e285-70ee-fc17-d4397ecf5eae
f 52/148/37 55/147/37 53/146/37 50/145/37
f 51/152/38 52/151/38 50/150/38 49/149/38
f 56/156/39 51/155/39 49/154/39 54/153/39
f 55/160/40 56/159/40 54/158/40 53/157/40
f 54/164/41 49/163/41 50/162/41 53/161/41
f 55/168/42 52/167/42 51/166/42 56/165/42
o left_arm
v -0.4884964914497253 1.4494903754520525 0.125
v -0.4884964914497253 1.4494903754520525 -0.125
v -0.586391135614764 2.1930740214824103 0.125
v -0.586391135614764 2.1930740214824103 -0.125
v -0.24063527610627278 1.4821219235070655 -0.125
v -0.24063527610627278 1.4821219235070655 0.125
v -0.33852992027131135 2.225705569537423 -0.125
v -0.33852992027131135 2.225705569537423 0.125
vt 0.5625 0.1875
vt 0.625 0.1875
vt 0.625 0
vt 0.5625 0
vt 0.5 0.1875
vt 0.5625 0.1875
vt 0.5625 0
vt 0.5 0
vt 0.6875 0.1875
vt 0.75 0.1875
vt 0.75 0
vt 0.6875 0
vt 0.625 0.1875
vt 0.6875 0.1875
vt 0.6875 0
vt 0.625 0
vt 0.625 0.1875
vt 0.5625 0.1875
vt 0.5625 0.25
vt 0.625 0.25
vt 0.6875 0.25
vt 0.625 0.25
vt 0.625 0.1875
vt 0.6875 0.1875
vn 0 0 -1
vn -0.9914448613738105 -0.13052619222005157 0
vn 0 0 1
vn 0.9914448613738105 0.13052619222005157 0
vn 0.13052619222005157 -0.9914448613738105 0
vn -0.13052619222005157 0.9914448613738105 0
usemtl m_711baa8b-e285-70ee-fc17-d4397ecf5eae
f 60/172/43 63/171/43 61/170/43 58/169/43
f 59/176/44 60/175/44 58/174/44 57/173/44
f 64/180/45 59/179/45 57/178/45 62/177/45
f 63/184/46 64/183/46 62/182/46 61/181/46
f 62/188/47 57/187/47 58/186/47 61/185/47
f 63/192/48 60/191/48 59/190/48 64/189/48
o left_leg
v 0.00047566273853180685 0.6386841907842145 0.05790060490380888
v 0.00047566273853180685 0.8696540739120362 -0.03777025318746374
v -0.06489114432221182 0.35276378600697417 -0.6323723140686093
v -0.06489114432221182 0.5837336691347959 -0.7280431721598817
v -0.24857301178440458 0.8779923386082868 -0.017639901471118602
v -0.24857301178440458 0.6470224554804651 0.07803095662015402
v -0.3139398188451482 0.5920719338310465 -0.7079128204435367
v -0.3139398188451482 0.3611020507032248 -0.6122419623522641
vt 0.3125 0.1875
vt 0.375 0.1875
vt 0.375 0
vt 0.3125 0
vt 0.25 0.1875
vt 0.3125 0.1875
vt 0.3125 0
vt 0.25 0
vt 0.4375 0.1875
vt 0.5 0.1875
vt 0.5 0
vt 0.4375 0
vt 0.375 0.1875
vt 0.4375 0.1875
vt 0.4375 0
vt 0.375 0
vt 0.375 0.1875
vt 0.3125 0.1875
vt 0.3125 0.25
vt 0.375 0.25
vt 0.4375 0.25
vt 0.375 0.25
vt 0.375 0.1875
vt 0.4375 0.1875
vn -3.8163916471489756e-17 0.9238795325112866 -0.38268343236509006
vn 0.9961946980917455 -0.0333530587850026 -0.0805214068653804
vn 3.8163916471489756e-17 -0.9238795325112866 0.38268343236509006
vn -0.9961946980917455 0.0333530587850026 0.0805214068653804
vn 0.08715574274765818 0.3812272063696538 0.9203638919632242
vn -0.08715574274765818 -0.3812272063696538 -0.9203638919632242
usemtl m_711baa8b-e285-70ee-fc17-d4397ecf5eae
f 68/196/49 71/195/49 69/194/49 66/193/49
f 67/200/50 68/199/50 66/198/50 65/197/50
f 72/204/51 67/203/51 65/202/51 70/201/51
f 71/208/52 72/207/52 70/206/52 69/205/52
f 70/212/53 65/211/53 66/210/53 69/209/53
f 71/216/54 68/215/54 67/214/54 72/213/54
o left_pants
v 0.016080885982264342 0.5627461850730185 0.08837207233045075
v 0.018217295714922588 0.8309433816545772 0.003712388895848906
v -0.05175043341888031 0.3289531265664588 -0.653983152883495
v -0.04961402368622207 0.5971503231480174 -0.7386428363180969
v -0.2619624631233809 0.8403239294378592 0.02635903457673716
v -0.26409887285603906 0.5721267328563006 0.111018718011339
v -0.3297937825245255 0.6065308709312994 -0.7159961906372087
v -0.3319301922571838 0.3383336743497408 -0.6313365072026067
vt 0.0625 0.1875
vt 0.125 0.1875
vt 0.125 0
vt 0.0625 0
vt 0 0.1875
vt 0.0625 0.1875
vt 0.0625 0
vt 0 0
vt 0.1875 0.1875
vt 0.25 0.1875
vt 0.25 0
vt 0.1875 0
vt 0.125 0.1875
vt 0.1875 0.1875
vt 0.1875 0
vt 0.125 0
vt 0.125 0.1875
vt 0.0625 0.1875
vt 0.0625 0.25
vt 0.125 0.25
vt 0.1875 0.25
vt 0.125 0.25
vt 0.125 0.1875
vt 0.1875 0.1875
vn 0.007596123493895933 0.9535900322899863 -0.3010122077674736
vn 0.9961946980917455 -0.0333530587850026 -0.0805214068653804
vn -0.007596123493895933 -0.9535900322899863 0.3010122077674736
vn -0.9961946980917455 0.0333530587850026 0.0805214068653804
vn 0.08682408883346518 0.29925511488839646 0.9502146882738507
vn -0.08682408883346518 -0.29925511488839646 -0.9502146882738507
usemtl m_711baa8b-e285-70ee-fc17-d4397ecf5eae
f 76/220/55 79/219/55 77/218/55 74/217/55
f 75/224/56 76/223/56 74/222/56 73/221/56
f 80/228/57 75/227/57 73/226/57 78/225/57
f 79/232/58 80/231/58 78/230/58 77/229/58
f 78/236/59 73/235/59 74/234/59 77/233/59
f 79/240/60 76/239/60 75/238/60 80/237/60
o right_pants
v 0.2602436772207064 0.573373909963504 0.10568806275757803
v 0.26024367722070635 0.8416068023614427 0.021114556647001237
v 0.3622172648926217 0.3404573320698985 -0.6330289450740068
v 0.3622172648926217 0.6086902244678373 -0.7176024511845837
v -0.018600190040677783 0.8305677446461298 -0.013896861425872542
v -0.018600190040677755 0.562334852248191 0.07067664468470425
v 0.0833733976312375 0.5976511667525244 -0.7526138692574574
v 0.08337339763123752 0.3294182743545856 -0.6680403631468805
vt 0.0625 0.4375
vt 0.125 0.4375
vt 0.125 0.25
vt 0.0625 0.25
vt 0 0.4375
vt 0.0625 0.4375
vt 0.0625 0.25
vt 0 0.25
vt 0.1875 0.4375
vt 0.25 0.4375
vt 0.25 0.25
vt 0.1875 0.25
vt 0.125 0.4375
vt 0.1875 0.4375
vt 0.1875 0.25
vt 0.125 0.25
vt 0.125 0.4375
vt 0.0625 0.4375
vt 0.0625 0.5
vt 0.125 0.5
vt 0.1875 0.5
vt 0.125 0.5
vt 0.125 0.4375
vt 0.1875 0.4375
vn -6.93889390390723e-17 0.9537169507482268 -0.30070579950427334
vn 0.9914448613738105 0.0392499829877792 0.12448504203688453
vn 6.93889390390723e-17 -0.9537169507482268 0.30070579950427334
vn -0.9914448613738105 -0.0392499829877792 -0.12448504203688453
vn -0.13052619222005157 0.2981332197038152 0.9455577700244291
vn 0.13052619222005157 -0.2981332197038152 -0.9455577700244291
usemtl m_711baa8b-e285-70ee-fc17-d4397ecf5eae
f 84/244/61 87/243/61 85/242/61 82/241/61
f 83/248/62 84/247/62 82/246/62 81/245/62
f 88/252/63 83/251/63 81/250/63 86/249/63
f 87/256/64 88/255/64 86/254/64 85/253/64
f 86/260/65 81/259/65 82/258/65 85/257/65
f 87/264/66 84/263/66 83/262/66 88/261/66
o right_leg
v 0.24679182301517893 0.5830041247768889 0.08427011570186582
v 0.24679182301517888 0.8214333624639455 0.009093665825797514
v 0.3446864671802176 0.3594042099990276 -0.6248982118164557
v 0.34468646718021756 0.5978334476860843 -0.700074661692524
v -0.0010693923282737022 0.8116208667170007 -0.022027594683423635
v -0.0010693923282736745 0.5731916290299441 0.05314885519264467
v 0.09682525183676498 0.5880209519391395 -0.7311959222017451
v 0.096825251836765 0.3495917142520828 -0.6560194723256768
vt 0.0625 0.6875
vt 0.125 0.6875
vt 0.125 0.5
vt 0.0625 0.5
vt 0 0.6875
vt 0.0625 0.6875
vt 0.0625 0.5
vt 0 0.5
vt 0.1875 0.6875
vt 0.25 0.6875
vt 0.25 0.5
vt 0.1875 0.5
vt 0.125 0.6875
vt 0.1875 0.6875
vt 0.1875 0.5
vt 0.125 0.5
vt 0.125 0.6875
vt 0.0625 0.6875
vt 0.0625 0.75
vt 0.125 0.75
vt 0.1875 0.75
vt 0.125 0.75
vt 0.125 0.6875
vt 0.1875 0.6875
vn -6.93889390390723e-17 0.9537169507482268 -0.30070579950427334
vn 0.9914448613738105 0.0392499829877792 0.12448504203688453
vn 6.93889390390723e-17 -0.9537169507482268 0.30070579950427334
vn -0.9914448613738105 -0.0392499829877792 -0.12448504203688453
vn -0.13052619222005157 0.2981332197038152 0.9455577700244291
vn 0.13052619222005157 -0.2981332197038152 -0.9455577700244291
usemtl m_711baa8b-e285-70ee-fc17-d4397ecf5eae
f 92/268/67 95/267/67 93/266/67 90/265/67
f 91/272/68 92/271/68 90/270/68 89/269/68
f 96/276/69 91/275/69 89/274/69 94/273/69
f 95/280/70 96/279/70 94/278/70 93/277/70
f 94/284/71 89/283/71 90/282/71 93/281/71
f 95/288/72 92/287/72 91/286/72 96/285/72
o cape
v -0.3125 1.5 0.12500000000000003
v -0.3125 1.5 0.18750000000000006
v -0.3125 0.5 0.12500000000000003
v -0.3125 0.5 0.18750000000000006
v 0.3125 1.5 0.18749999999999997
v 0.3125 1.5 0.12499999999999996
v 0.3125 0.5 0.18749999999999997
v 0.3125 0.5 0.12499999999999996
vt 0.015625 0.96875
vt 0.171875 0.96875
vt 0.171875 0.46875
vt 0.015625 0.46875
vt 0 0.96875
vt 0.015625 0.96875
vt 0.015625 0.46875
vt 0 0.46875
vt 0.1875 0.96875
vt 0.34375 0.96875
vt 0.34375 0.46875
vt 0.1875 0.46875
vt 0.171875 0.96875
vt 0.1875 0.96875
vt 0.1875 0.46875
vt 0.171875 0.46875
vt 0.171875 0.96875
vt 0.015625 0.96875
vt 0.015625 1
vt 0.171875 1
vt 0.328125 1
vt 0.171875 1
vt 0.171875 0.96875
vt 0.328125 0.96875
vn 1.2246467991473532e-16 0 1
vn -1 0 1.2246467991473532e-16
vn -1.2246467991473532e-16 0 -1
vn 1 0 -1.2246467991473532e-16
vn 0 1 0
vn 0 -1 0
usemtl m_1c5dd7b9-aaec-32b8-0069-52df28f08762
f 100/292/73 103/291/73 101/290/73 98/289/73
f 99/296/74 100/295/74 98/294/74 97/293/74
f 104/300/75 99/299/75 97/298/75 102/297/75
f 103/304/76 104/303/76 102/302/76 101/301/76
f 102/308/77 97/307/77 98/306/77 101/305/77
f 103/312/78 100/311/78 99/310/78 104/309/78